1 0.0359375 0.721875 0.071875 0.38671875
1 0.09765625 0.7546875 0.0765625 0.490625
1 0.16328125 0.64609375 0.03671875 0.225
1 0.2453125 0.7296875 0.11015625 0.51015625
1 0.321875 0.58671875 0.02734375 0.0796875
1 0.69453125 0.7046875 0.1828125 0.58984375
1 0.9109375 0.721875 0.178125 0.55546875
1 0.46171875 0.734375 0.28984375 0.53125
1 0.8078125 0.6296875 0.046875 0.22734375
1 0.59296875 0.62109375 0.04140625 0.225
1 0.55234375 0.5890625 0.03671875 0.17421875
1 0.7640625 0.64375 0.059375 0.30078125